A = [1 2 3 4];
B = [1 2 3;4 5 6; 7 8 9];
C = [0 0;1 2;2 -2;3 8;4 -8;5 9;6 -8];
save MyDateFile A B C